Parameters used:
  # items to hash: 439
  random # seed: 323232
  max load factor: 10.0
  initial size of hash table: 60
  max chain length: none
  output file name: 4filename1.txt
Hashtable statistics:
  current table size:       60
  # items in table:         439
  current load factor:      7.316666666666666
  longest chain length:     14
  # 0-length chains:        0
  avg (non-0) chain length: 7.316666666666666
Hashtable contents:
0: [-33899460, -2041837620, -435080220, -356328420, 1042857780, -21556080, -196135620, 1438554120]
1: [-842035499, 2120981461, 1426541941, 1247636401, -1329575039, 1969441921]
2: [1258962542, 839939642, 1104446402, -34202338, 564624362, -469970158, -69232198, -1171395958, -1041308938]
3: [709837743, -1722314217, 2081138703, 1516411503, -1423802877, 1923383583, 1774138023, 1648998183]
4: [-1567181156, -1759536356, -1747550936, 1996961524, -1610317916]
5: [-409809475, 209848745, 1970484545, 248273945, -1890050035, -1979106955, -284076355]
6: [-1085467734, 563340786, -1875981714, 1664963106, 63062046, -290851074, 328431126, 1712958426, 328068126, -1965228414]
7: [1537322827, -713303153, 1510244227, 918423787, 1615352587, 1830238147]
8: [-1410253372, -929683612, -1235072752, -233993092, -131428972, 1051841048, -210614152, -337327492, -123805372]
9: [-751730031, -135310851, -1966268391, 230962509, 1812950649, -1630874811, 1741478769, 1929461109, 180206469, -367852791, -759048651, 452604969, -1027496271, -840769131]
10: [-1281219290, 1852495990, 727898410, -1436591210, 526353190, 1071804250, -1394103410]
11: [-1408636009, -1207550269, -1415134369, -987145309, -705822709, -1070361649, -905014849]
12: [1948014192, 514670892, 506278632, -881862528, -1154048628, -1019784648, -1111887408, -341086368, 2033067252, -153402888, 859005672, 1976248992]
13: [-544680827, -1795865147, 1894391233, 1781581873, -1279073807, 711011053, -404142287, 218154013, 1551288973, 1573974973]
14: [-241286986, -450594346, -793235146, -1523375686, -107812186, 999963914, 1652421314, 978480974, -1213212586, 1342459514, -961720246]
15: [-179033865, -1716000585, -593480985, -1245210225, -1722467565, -1732913805, -1302950625, 1333067895]
16: [1386090256, -89936324, -361426844, 704439376, 1475442076, 1534089616]
17: [1704545057, 465496697, 988256117, -1412599123, -2012127463, -673444603, -634719523]
18: [1178174358, -1855058202, 976096578, 1596615738]
19: [490610179, -303522221, -196947041, 1527549499, 297340579, 1785204199, 922702699, -1910313101, -1817257901]
20: [-1353114760, 586426100, 1843747820, -676354000, 803161820]
21: [340070901, 548736081, 327115281, -1062413619, 647830041, -872576139, -1113997479]
22: [1486448662, -184126298, 895030102, -97859378, -1348414598, 135554722, 337590922]
23: [1922087363, -521652997, -1193142577, -148918297, -1319605297, -708528037, -2093807197, 488746223, -2129301037, -1022898517]
24: [1120015704, 2115547944, 402805824, 1492993164, -14529096, -946124856, -983363856, 347724084]
25: [1734063385, -1082097875, -2028037595, 1482904045, -793927595, -981772055, -1312597295, 1325288245, -195223235]
26: [671572706, -1552047334, 595565846, 393768806, 1482771446, -907960714]
27: [496447467, 1275033147, 1352267067, 615345507, 696990147, -1682994093]
28: [-981537692, -1216313132, -1048962872, 615044548, -559130132, 1484081368, 699985108, 1337957188, 1797969928, 2084924428, 905604208, 1935954328]
29: [319395809, -1851472711, 888864809, 1080631709, 916415729, -574400011, -44075431]
30: [-1281742650, -580129170, -1501096470]
31: [1951842871, -92106929, -1985738189, 204624391]
32: [-2061608248, 1799142332, -1199698648, -2128675588, 875939732, 1556418512, 368636192]
33: [-1688118567, 1073748453, 960425193, 61984833, -1991500407, -1363662447, 1715038173]
34: [470647714, -1271862986, 1606133974, -1954076606, 1211611354]
35: [12201035, -838711225, -392843665, -1832918365, 1437525815, 21748715, -1855474645]
36: [-99631224, 1921460496, -1906347684, -2075642304, -33718824, -716724624, -1769905344, -2075928744, 2073053436, -57891144, 982822056, 1735100136, -1647832584]
37: [-1353809603, -844386623, -438338303, -1628938043]
38: [184264598, -493491562, -362549722, -1211494222, -2037757522, 1573041638, -1499026942, 1031721038, -1477916302, -1885208542, 2121334838, 1369422098]
39: [-1955233581, 1873088319, 982616199, -1669296261]
40: [-802914020, 575975500, -1054332920, 1876240480, 1657122220]
41: [-1825150519, -518836639, 1617309221, 696308741, 998595101, -1771146439, -699580099]
42: [-887076138, 595061442, -877525698, -544002798, -2042022198, -808082178, -425987478, 651502122, -2107895658, -1401220818]
43: [39175243, 1280269603, -325692317, 1559081563]
44: [-637522636, 1496354084, 417742364, 1491950204, 1435712744, -1898137096, 2140018964, -279773596, 694562024, 1793849984, -2122724656]
45: [-2048357715, -741090735, -1280834655, 211121385, 217064025, 1721670165, 1121037225]
46: [-1889952734, 1917119626, 1636596946, -1342582634, 1969115026]
47: [1550891987, -2119794613, 1279685207, -1982135533, -590431153, -1222516333, -2045892373, -1564877233]
48: [662854428, 795171588, -78649692, -1918892592, 1288378548]
49: [-1033987811, -605543951, 454327429, -2144137931, -567393911, -1930542611]
50: [-836582830, -126807190, -1723705090, -1258961230, -1131957850, 831626270]
51: [296551011, 829891431, -514033749, 285041511, -221977989, -761647869]
52: [-2112598628, 656894992, -1943118008, -699034208, -1887551048, 1066530772, -2067209168]
53: [-1518589267, 90577133, -1237038967, -194103487, 1518993773, -1567079227, 1473540533, 521957453, 106664273, -1863959167]
54: [-1161118926, 1144995354, 765170634, 1453142154, -565286886, -565024686, 1046830194, 862807614, -932475066, -2063201766]
55: [-1900001765, 1762764415, 1297761115, 347856235, 548463895, 60733975, 1731104995]
56: [-691237204, 530865056, -805325884, 1932813716, -623469964, 768866276]
57: [-727377963, -860179503, -1894047843]
58: [-960320702, 406654018, 2006348398, -2009224682, 875626558, 1883990038, -162813602, -1805648522]
59: [720655919, 173417099]
