Parameters used:
  # items to hash: 439
  random # seed: 323232
  max load factor: 10.0
  initial size of hash table: 61
  max chain length: none
  output file name: 4filename2.txt
Hashtable statistics:
  current table size:       61
  # items in table:         439
  current load factor:      7.19672131147541
  longest chain length:     14
  # 0-length chains:        0
  avg (non-0) chain length: 7.19672131147541
Hashtable contents:
0: [-1747550936, -716724624, 1652421314, 328068126, -905014849]
1: [1279685207, -987145309, 1475442076, 1066530772, 1342459514]
2: [90577133, -89936324, 662854428, -1154048628, 63062046, 1657122220]
3: [-929683612, -2028037595, -1199698648, 999963914, -983363856, 1830238147, 1333067895]
4: [496447467, 1527549499, 1491950204, 1721670165]
5: [-1900001765, -1281219290, 1386090256, -1552047334, -802914020, 1510244227, 564624362, -1213212586, -1647832584]
6: [39175243, 1843747820, -184126298, -1523375686, -14529096, -727377963, 2140018964, 1648998183, -195223235, 1534089616]
7: [184264598, -544680827, 1951842871, -1271862986, -107812186, -337327492, 862807614, -2067209168]
8: [-2041837620, -1688118567, 1636596946, -872576139, 1969441921, -907960714]
9: [-33899460, -1033987811, -793235146, 1664963106, 1606133974, -981772055, 1559081563, -1501096470, -2122724656]
10: [-981537692, 1996961524, 402805824, 488746223]
11: [1120015704, 1042857780, -808082178, 1473540533, -469970158, -438338303, 768866276]
12: [1258962542, -1887551048, -341086368, -1890050035, 1969115026, 859005672, 1935954328]
13: [1781581873, 204624391, 803161820, 1211611354]
14: [-887076138, -514033749, 347856235, -565024686, -1423802877, -2063201766]
15: [-99631224, -637522636, 888864809, -2075928744, -881862528, 976096578, -1113997479]
16: [-1410253372, 1518993773, -559130132, 615345507, -2042022198, 173417099, 368636192]
17: [1280269603, 1741478769, -1319605297, -708528037, 982616199, -1954076606]
18: [470647714, -1889952734, 1762764415, 960425193, -1769905344, -1062413619, 218154013]
19: [709837743, 406654018, 211121385, -1258961230, 575975500, 21748715]
20: [-135310851, -518836639, 839939642, 1970484545, -2048357715, -1412599123, -805325884, 393768806, -961720246]
21: [-1048962872, -92106929, -1851472711, 2006348398, -544002798, -844386623, -1991500407, 2033067252, -1863959167]
22: [656894992, 209848745, -842035499, -1630874811, -761647869, -1894047843]
23: [-836582830, -435080220, 1482904045, 1297761115, -367852791, -574400011]
24: [1921460496, -493491562, 465496697, -33718824, -1918892592, 1337957188, 696308741, 548463895]
25: [-1408636009, -1875981714, 180206469, 1923383583, 337590922, -1281742650, 1731104995, 1573974973]
26: [-1943118008, -1436591210, -1898137096, 1438554120, 1121037225]
27: [-450594346, -148918297, 1812950649]
28: [-1216313132, 548736081, 720655919, -2009224682, -946124856, 1426541941, 1976248992]
29: [-1955233581, -2061608248, 417742364, 1071804250, -567393911, -1930542611, -2107895658, -1771146439]
30: [-356328420, 704439376, 998595101, 1435712744, -759048651, -840769131, 1596615738]
31: [-1161118926, -1723705090, 615044548, -676354000, -932475066]
32: [-521652997, -593480985, 595565846, -793927595, 1453142154, 1735100136, -1669296261]
33: [-673444603, 831626270]
34: [-691237204, 1537322827, 829891431, -741090735, 2073053436, 521957453, 135554722, -153402888, -1312597295, -162813602, -1805648522]
35: [-1082097875, 1352267067, -1280834655, -1111887408, 1556418512, -221977989, -1171395958, -284076355]
36: [1704545057, 1799142332, 327115281, 1917119626, 452604969, 1883990038, 1369422098]
37: [-179033865, -2112598628, -126807190, 595061442, 1734063385, 647830041, -1567079227, -404142287, 1785204199, -290851074, -279773596]
38: [671572706, 586426100, -194103487, 895030102, -1906347684, -1245210225, -1193142577, -1342582634, -2129301037, 1482771446, 905604208]
39: [-1567181156, -2119794613, -241286986, 230962509, 1144995354, 1031721038, 454327429, 217064025, -21556080, -1222516333, -1610317916, 106664273]
40: [-838711225, 1073748453, -1348414598, 918423787, 651502122, 285041511, -1628938043, 1876240480]
41: [-960320702, -1237038967, 916415729, -233993092, 248273945, -860179503, 1712958426, -1041308938]
42: [-1825150519, -713303153, -325692317, -131428972, -1979106955, 694562024, -1302950625]
43: [-1759536356, -1235072752, 506278632, 699985108, -1722314217, 978480974]
44: [1852495990, 1104446402, 297340579, -425987478, -1070361649, 1046830194]
45: [1275033147, 514670892, 1178174358, 875939732, -1394103410, 875626558, -123805372, -580129170]
46: [-1795865147, 1484081368, 922702699, 1932813716, 1247636401, -1965228414]
47: [-361426844, 1492993164, -590431153, 1551288973, -2045892373, -1054332920]
48: [-78649692, -1910313101, 1793849984, -699580099]
49: [340070901, 1550891987, 795171588, -1722467565, 61984833, -1855058202, 1288378548, 1325288245]
50: [490610179, -1353114760, 727898410, 1496354084, -877525698, -699034208, 526353190, 328431126, 347724084]
51: [530865056, 1573041638, 2115547944, -1499026942, -1027496271]
52: [1486448662, 563340786, -2144137931, -57891144, 1797969928, -2093807197, -1022898517]
53: [-751730031, 319395809, -1716000585, -1982135533, 1051841048, -565286886, -1855474645, -1817257901, -1564877233]
54: [-409809475, 1948014192, -303522221, 1873088319, -2012127463, 2120981461, -2128675588, 765170634, -1019784648, 1774138023, 1715038173, -1329575039]
55: [1922087363, 711011053, -97859378, -1477916302, -1682994093]
56: [-1415134369, 1080631709, -392843665, 1617309221, -705822709, 2081138703, -1401220818, -623469964, -1363662447, -634719523]
57: [-1985738189, -362549722, -1279073807, -34202338, -1885208542, -1131957850, -69232198, 60733975]
58: [-1207550269, -1966268391, 988256117, -1353809603, -1832918365, 2121334838, -44075431, 1615352587]
59: [12201035, 1437525815, -1732913805, 1516411503, -196135620]
60: [-1518589267, -1085467734, 296551011, -2075642304, -1211494222, 1894391233, -196947041, -2037757522, -605543951, 1929461109, -210614152, 982822056, 2084924428, 696990147]
