Parameters used:
  # items to hash: 439
  random # seed: 323232
  max load factor: 10.0
  initial size of hash table: 61
  max chain length: none
  output file name: 4filename4.txt
Hashtable statistics:
  current table size:       61
  # items in table:         439
  current load factor:      7.19672131147541
  longest chain length:     8
  # 0-length chains:        0
  avg (non-0) chain length: 7.19672131147541
Hashtable contents:
0: [0, 183, 366, 549, 732, 915, 1098, 1281]
1: [123, 306, 489, 672, 855, 1038, 1221]
2: [63, 246, 429, 612, 795, 978, 1161]
3: [3, 186, 369, 552, 735, 918, 1101, 1284]
4: [126, 309, 492, 675, 858, 1041, 1224]
5: [66, 249, 432, 615, 798, 981, 1164]
6: [6, 189, 372, 555, 738, 921, 1104, 1287]
7: [129, 312, 495, 678, 861, 1044, 1227]
8: [69, 252, 435, 618, 801, 984, 1167]
9: [9, 192, 375, 558, 741, 924, 1107, 1290]
10: [132, 315, 498, 681, 864, 1047, 1230]
11: [72, 255, 438, 621, 804, 987, 1170]
12: [12, 195, 378, 561, 744, 927, 1110, 1293]
13: [135, 318, 501, 684, 867, 1050, 1233]
14: [75, 258, 441, 624, 807, 990, 1173]
15: [15, 198, 381, 564, 747, 930, 1113, 1296]
16: [138, 321, 504, 687, 870, 1053, 1236]
17: [78, 261, 444, 627, 810, 993, 1176]
18: [18, 201, 384, 567, 750, 933, 1116, 1299]
19: [141, 324, 507, 690, 873, 1056, 1239]
20: [81, 264, 447, 630, 813, 996, 1179]
21: [21, 204, 387, 570, 753, 936, 1119, 1302]
22: [144, 327, 510, 693, 876, 1059, 1242]
23: [84, 267, 450, 633, 816, 999, 1182]
24: [24, 207, 390, 573, 756, 939, 1122, 1305]
25: [147, 330, 513, 696, 879, 1062, 1245]
26: [87, 270, 453, 636, 819, 1002, 1185]
27: [27, 210, 393, 576, 759, 942, 1125, 1308]
28: [150, 333, 516, 699, 882, 1065, 1248]
29: [90, 273, 456, 639, 822, 1005, 1188]
30: [30, 213, 396, 579, 762, 945, 1128, 1311]
31: [153, 336, 519, 702, 885, 1068, 1251]
32: [93, 276, 459, 642, 825, 1008, 1191]
33: [33, 216, 399, 582, 765, 948, 1131, 1314]
34: [156, 339, 522, 705, 888, 1071, 1254]
35: [96, 279, 462, 645, 828, 1011, 1194]
36: [36, 219, 402, 585, 768, 951, 1134]
37: [159, 342, 525, 708, 891, 1074, 1257]
38: [99, 282, 465, 648, 831, 1014, 1197]
39: [39, 222, 405, 588, 771, 954, 1137]
40: [162, 345, 528, 711, 894, 1077, 1260]
41: [102, 285, 468, 651, 834, 1017, 1200]
42: [42, 225, 408, 591, 774, 957, 1140]
43: [165, 348, 531, 714, 897, 1080, 1263]
44: [105, 288, 471, 654, 837, 1020, 1203]
45: [45, 228, 411, 594, 777, 960, 1143]
46: [168, 351, 534, 717, 900, 1083, 1266]
47: [108, 291, 474, 657, 840, 1023, 1206]
48: [48, 231, 414, 597, 780, 963, 1146]
49: [171, 354, 537, 720, 903, 1086, 1269]
50: [111, 294, 477, 660, 843, 1026, 1209]
51: [51, 234, 417, 600, 783, 966, 1149]
52: [174, 357, 540, 723, 906, 1089, 1272]
53: [114, 297, 480, 663, 846, 1029, 1212]
54: [54, 237, 420, 603, 786, 969, 1152]
55: [177, 360, 543, 726, 909, 1092, 1275]
56: [117, 300, 483, 666, 849, 1032, 1215]
57: [57, 240, 423, 606, 789, 972, 1155]
58: [180, 363, 546, 729, 912, 1095, 1278]
59: [120, 303, 486, 669, 852, 1035, 1218]
60: [60, 243, 426, 609, 792, 975, 1158]
