Parameters used:
  # items to hash: 439
  random # seed: 323232
  max load factor: 10.0
  initial size of hash table: 11
  max chain length: none
  output file name: Run9.txt
Hashtable statistics:
  current table size:       47
  # items in table:         439
  current load factor:      9.340425531914894
  longest chain length:     17
  # 0-length chains:        0
  avg (non-0) chain length: 9.340425531914894
Hashtable contents:
0: [916415729, -1161118926, -593480985, 1492993164, -21556080, 285041511, -1954076606]
1: [1080631709, 1929461109, -751730031, -1048962872, 1843747820, 1573041638, -741090735, -2112598628, -2144137931, 135554722]
2: [90577133, -1918892592, -2128675588, -435080220, 1386090256, 465496697, 454327429, 526353190, -590431153, -1342582634, -2045892373, 2033067252, -1682994093, -699580099]
3: [1996961524, 1812950649, 496447467, -1518589267, 1258962542, -521652997, 586426100, 1785204199, -221977989, -1855474645]
4: [1970484545, -1408636009, 340070901, -1207550269, 1799142332, -1567181156, -842035499, 1066530772, 1932813716, -840769131, -2063201766]
5: [-1410253372, -1281219290, 1704545057, -1415134369, -92106929, -1111887408, -1401220818, 1721670165, -961720246]
6: [2120981461, -362549722, -438338303, -567393911, -727377963, 978480974]
7: [470647714, -605543951, -361426844, 406654018, -392843665, -123805372, 1559081563, -195223235]
8: [699985108, -808082178, -713303153, 1527549499, 563340786, 1453142154, -844386623, -574400011, 1735100136, -565024686, 1830238147, 1731104995, -580129170]
9: [-89936324, -1211494222, -2042022198, -1216313132, 530865056, -1747550936, -184126298, 656894992, 180206469, -1222516333, -761647869, 1426541941]
10: [888864809, -33718824, -559130132, 615044548, 1337957188, 1921460496, 839939642, 727898410, -1027496271, -2107895658, -1771146439, 2084924428, -2067209168, 1876240480, 1573974973]
11: [-325692317, -1825150519, 61984833, -544680827, 1473540533, -872576139, -341086368, 368636192, 60733975, -284076355, 1325288245, -1501096470]
12: [-356328420, -1759536356, 765170634, -1353114760, -450594346, -1795865147, -1716000585, -1213212586, -1647832584]
13: [1917119626, 1486448662, 1144995354, 998595101, 1606133974, 651502122, -290851074, -1817257901, -1669296261, -1302950625]
14: [-1985738189, -1552047334, -78649692, 1781581873, -1477916302, 1852495990, 564624362, 297340579, -1019784648, -14529096, -1930542611, 875626558, 976096578, 1652421314, 328431126, -279773596, -634719523]
15: [-981537692, -836582830, -2075928744, -838711225, -987145309, 1484081368, 1537322827, -1966268391, -1394103410, 922702699, 1797969928, -337327492, -1863959167]
16: [-1033987811, -241286986, -1235072752, -1898137096, 1247636401, -1805648522]
17: [184264598, 248273945, -1523375686, 211121385, -1353809603, 1120015704, 1491950204, -676354000, 803161820, 1551288973]
18: [-2012127463, -2041837620, 2115547944, -544002798, -708528037, -1979106955, 2140018964, 1969115026, 1342459514, 1369422098, -1363662447, -1329575039]
19: [-1887551048, -1271862986, 417742364, 1042857780, -303522221, -1910313101, 694562024]
20: [-1245210225, -196947041, 795171588, -673444603, -1131957850, 1883990038, 859005672]
21: [1894391233, 490610179, 1031721038, 1518993773, -691237204, 204624391, -1875981714, -565286886, -860179503]
22: [1948014192, -793235146, -409809475, -877525698, -1890050035, 1438554120]
23: [829891431, 1617309221, -1769905344, 12201035, -881862528, 347856235, 1556418512, -1965228414]
24: [319395809, -1955233581, 514670892, -1412599123, 173417099, -793927595, 217064025, -1732913805, -69232198, 1774138023]
25: [1178174358, -493491562, -1900001765, -57891144, 1516411503, 1288378548]
26: [-705822709, -1982135533, -1319605297, -1855058202]
27: [960425193, -518836639, -233993092, -97859378, -1436591210, -194103487, 875939732, 982822056, 548463895, 337590922, 1657122220]
28: [696308741, -148918297, -1851472711, 615345507, 1475442076, -637522636, 327115281, 696990147, 1534089616, 1969441921]
29: [-887076138, -929683612, -1723705090, 1104446402, 1297761115, 1636596946, 21748715, 106664273, 1596615738, -2129301037, -623469964, 1935954328, -2122724656]
30: [-960320702, 1734063385, 1437525815, 918423787, 982616199, -425987478, 1482771446, 905604208]
31: [720655919, -1722314217, 895030102, -1943118008, 63062046, 1435712744]
32: [-1279073807, -1688118567, 402805824, -34202338, -126807190, -2009224682, -1610317916, -1054332920, -1041308938]
33: [-1889952734, -1348414598, 709837743, 662854428, -107812186, -759048651, -196135620, -2093807197, 393768806, 1333067895]
34: [1352267067, 1951842871, -135310851, -514033749, -99631224, -1193142577, -2061608248, -805325884, 521957453, -1894047843, 1648998183, -1564877233]
35: [711011053, 595565846, -699034208, -1499026942, 595061442, 1071804250, 218154013, -1171395958]
36: [1741478769, 1073748453, 548736081, 1051841048, -983363856, -1423802877, -153402888, -1022898517, -1628938043, 347724084]
37: [2006348398, -2075642304, 506278632, 1280269603, -1567079227, 2121334838, -1281742650]
38: [39175243, 1922087363, 862807614, 488746223, -162813602]
39: [1279685207, -1085467734, -1280834655, 1275033147, -179033865, 704439376, -210614152]
40: [1762764415, -1199698648, 1550891987, -1258961230, 1046830194, 1121037225]
41: [-1154048628, -367852791, 2081138703, -44075431, 575975500, -981772055]
42: [988256117, -33899460, 1510244227, 647830041, -131428972, 1482904045, -1070361649, 328068126, 1976248992, 1715038173]
43: [-1832918365, 209848745, -1062413619, -716724624, 2073053436, -1991500407, -946124856, -905014849]
44: [1496354084, 230962509, -2028037595, -1630874811, -1722467565, 1664963106, -404142287, -469970158, 1793849984, 768866276, -907960714]
45: [-1082097875, 1873088319, -2119794613, -2048357715, -1885208542, 999963914, 831626270, 452604969, 1923383583, 1712958426]
46: [-1237038967, -1906347684, 296551011, 671572706, -802914020, -2037757522, 1615352587, -1113997479, -932475066, -1312597295, 1211611354]
